[Neelkanth.jpg]
filters=finetune2=1,0.000000,0.210526,0.000000,00000000,0.000000;
moddate=21015508a8edd501
width=2500
height=907
textactive=0
[jungle1.jpg]
filters=finetune2=1,0.000000,0.148772,0.022456,00000000,0.000000;
moddate=97b2e3acadedd501
width=2500
height=907
textactive=0
